borders: x1,x2,y1,y2
337,777,167,759
167,759,74,563
74,563,114,264
114,264,354,185
354,185,1007,183
1007,183,1175,310
1175,310,1190,619
1190,619,1059,754
1060,753,817,702
817,702,735,536
735,536,579,569
579,569,489,746
489,747,336,778
380,623,290,592
290,592,275,365
275,365,639,297
639,297,977,360
977,360,1025,504
1025,504,727,389
727,389,473,454
473,454,381,621
319,565,319,565

gates: num,x1,x2,y1,y2
0,136,689,288,572
1,87,457,277,453
2,361,346,288,210
3,556,186,571,307
4,818,327,834,188
5,981,362,1171,322
6,1017,499,1182,540
7,902,461,822,693
8,731,532,718,393
9,472,457,571,570
10,396,603,513,696

start,328,687